resources/fontSmall.png
0 0 0 0
5
!       5       7       5       7
"       10      7       5       7
#       15      7       5       7
$       20      7       5       7
%       25      7       5       7
&       30      7       5       7
'       35      7       5       7
(       40      7       5       7
)       45      7       5       7
*       50      7       5       7
+       55      7       5       7
,       60      7       5       7
-       65      7       5       7
.       70      7       5       7
/       75      7       5       7
0       80      7       5       7
1       85      7       5       7
2       90      7       5       7
3       95      7       5       7
4       100     7       5       7
5       105     7       5       7
6       110     7       5       7
7       115     7       5       7
8       120     7       5       7
9       125     7       5       7
:       130     7       5       7
;       135     7       5       7
<       140     7       5       7
=       145     7       5       7
>       150     7       5       7
?       155     7       5       7
@       0       14      5       7
A       5       14      5       7
B       10      14      5       7
C       15      14      5       7
D       20      14      5       7
E       25      14      5       7
F       30      14      5       7
G       35      14      5       7
H       40      14      5       7
I       45      14      5       7
J       50      14      5       7
K       55      14      5       7
L       60      14      5       7
M       65      14      5       7
N       70      14      5       7
O       75      14      5       7
P       80      14      5       7
Q       85      14      5       7
R       90      14      5       7
S       95      14      5       7
T       100     14      5       7
U       105     14      5       7
V       110     14      5       7
W       115     14      5       7
X       120     14      5       7
Y       125     14      5       7
Z       130     14      5       7
[       135     14      5       7
\       140     14      5       7
]       145     14      5       7
^       150     14      5       7
_       155     14      5       7
`       0       21      5       7
a       5       21      5       7
b       10      21      5       7
c       15      21      5       7
d       20      21      5       7
e       25      21      5       7
f       30      21      5       7
g       35      21      5       7
h       40      21      5       7
i       45      21      5       7
j       50      21      5       7
k       55      21      5       7
l       60      21      5       7
m       65      21      5       7
n       70      21      5       7
o       75      21      5       7
p       80      21      5       7
q       85      21      5       7
r       90      21      5       7
s       95      21      5       7
t       100     21      5       7
u       105     21      5       7
v       110     21      5       7
w       115     21      5       7
x       120     21      5       7
y       125     21      5       7
z       130     21      5       7
{       135     21      5       7
|       140     21      5       7
}       145     21      5       7
~       150     21      5       7