resources/font.png
0 0 0 -8
32
!       0       0       31      72
"       40      0       55      72
#       104     0       71      72
$       184     0       55      72
%       248     0       79      72
&       336     0       71      72
'       416     0       31      72
(       456     0       39      72
)       504     0       39      72
*       552     0       47      72
+       608     0       63      72
,       680     0       39      72
-       728     0       47      72
.       784     0       31      72
/       824     0       47      72
0       0       72      55      72
1       64      72      31      72
2       104     72      55      72
3       168     72      55      72
4       232     72      55      72
5       296     72      55      72
6       360     72      55      72
7       424     72      55      72
8       488     72      55      72
9       552     72      55      72
:       0       144     31      72
;       40      144     31      72
<       80      144     47      72
=       136     144     47      72
>       192     144     47      72
?       248     144     63      72
@       320     144     63      72
A       0       216     55      72
B       64      216     55      72
C       128     216     55      72
D       192     216     55      72
E       256     216     55      72
F       320     216     55      72
G       384     216     55      72
H       448     216     55      72
I       512     216     31      72
J       552     216     55      72
K       616     216     55      72
L       680     216     55      72
M       744     216     71      72
N       0       288     63      72
O       72      288     55      72
P       136     288     55      72
Q       200     288     55      72
R       272     288     55      72
S       336     288     55      72
T       400     288     63      72
U       472     288     55      72
V       536     288     55      72
W       600     288     71      72
X       680     288     55      72
Y       744     288     63      72
Z       816     288     55      72
[       0       360     39      72
\       48      360     47      72
]       104     360     39      72
^       152     360     63      72
_       224     360     47      72
`       280     360     39      72
a       0       432     55      72
b       64      432     55      72
c       128     432     47      72
d       184     432     55      72
e       248     432     55      72
f       312     432     47      72
g       368     432     55      72
h       432     432     55      72
i       496     432     39      72
j       544     432     47      72
k       600     432     55      72
l       664     432     39      72
m       712     432     71      72
n       792     432     55      72
o       0       504     55      72
p       64      504     55      72
q       128     504     55      72
r       192     504     31      72
s       256     504     55      72
t       320     504     47      72
u       376     504     55      72
v       440     504     55      72
w       504     504     71      72
x       584     504     55      72
y       648     504     55      72
z       712     504     55      72
{       0       576     39      72
|       48      576     31      72
}       88      576     39      72
~       136     576     71      72